['20130627', '20130830', '20130516', '20130716', '20131106', '20130826', '20130719', '20130708', '20130419', '20131115', '20131227', '20130625', '20130812', '20130704', '20130725', '20130717', '20130320', '20130823', '20130626', '20130816', '20130730', '20130503', '20130424', '20130425']
20130523
20130830
20131121
20131227
20131204
20130704
20130729
20141125
20130712
20141117
20130401
20130814
20131122
20140519
20141124
20131016
20130903
20130424
20130702
20141121
20130415
20130807
20141107
20131106
20130409
20141110
20130710
20130829
20130628
20140521
20130716
20131220
20130822
20140505
20130909
20130520
20130403
20130726
20130423
20130607
20131219
20130823
20130703
20130514
20130327
20141112
20130806
20141128
20141127
20131029
20130715
20130730
20130717
20131223
20130425
20131025
20130711
20130802
20140522
20130820
20130725
20131120
20130816
20130731
20130821
20131105
20130701
20130524
20131113
20131104
20130318
20130624
20130506
20130801
20130719
20130708
20131118
20131108
20141126
20131021
20131023
20130812
20130604
20130724
20130912
20140512
20130627
20130722
20130808
20131115
20130402
20131125
20130418
20130319
20130723
20130528
20131011
20130828
20130619
20130419
20130910
20131112
20131101
20130618
20130718
20141118
20130626
20130503
20130826
20130516
20140508
20131128
20130329
20130625
20131127
20130809
20131111
20130613
20141111
20131213
20130621
20130426
20130510
20141106
20130320
20131202
20130705
20131010